25.557306582641345
29.883275592177682
30.732052326029248
23.81804020117619
25.56742747352947
25.167630708628742
19.424429303722114
25.208950171164688
29.69292779439735
26.306875894654
26.0670401018643
26.21004264281012
25.882053280990185
25.885112245970276
31.22766060525121
28.976109489181056
28.00673128084298
25.698690893285928
24.675720240420247
21.458067578773154
21.710462960549208
27.142600942203998
25.025493227453065
24.651608254061603
22.550222854713027
22.79687762680531
29.195506195756135
17.177757291174682
26.126018869021472
23.5473199275968
24.253489144183526
24.51871380348026
31.242288530039293
24.28690309495401
22.303183936207084
22.86830238147793
22.660211242114606
34.752720760414924
28.47923375991234
25.76015277073906
27.051594824380164
27.05250835508245
35.00154460517721
38.017304937233426
21.52400600440222
24.98258442692748
23.001681990663823
25.96808989701241
18.19666553747539
25.288255105199987
25.603280619974935
28.333207646960354
28.89680101478926
24.311344723391993
27.87794797810054
22.42828755048407
33.882223393209685
26.746050590172867
24.024910668543022
20.093017133951854
21.31696538802792
31.619062987240522
30.45802591744443
27.69027684946431
25.925547147299945
23.23869866232406
24.490126936753565
27.77228808327029
23.318183217616046
25.087032611854724
27.197503919168682
22.126867305455274
21.664473210299036
27.65844019926491
21.325811544939235
21.582312243048904
32.692891002660815
27.143046898610393
25.908399420238744
28.97590624445698
24.62770669955807
27.643426391121753
25.103869872295604
23.896197329859525
22.17908706474047
29.911839046041937
23.415968508067078
28.642886697041824
24.298637922171835
24.5942446332173
22.715082404165223
25.662293990744
28.809546900766282
27.231451910724196
19.86689264419978
30.669267054821532
19.295531479547584
28.96229427103909
24.9067234082896
21.787212498519317
