0.7292719475180428
0.8270724951344072
0.9213324718253486
0.6834306672969148
0.6690159986059491
0.7950152745069706
0.4752160701788589
0.7797446728220353
0.8067770675014232
0.7587091408553045
0.6888924672850328
0.7930746098861132
0.7876416351710964
0.8604041638773482
0.8943724108612158
0.7936507251988416
0.8352384437397329
0.8325837211050953
0.686051929207195
0.7100779372687539
0.7368628507034305
0.7755145184518469
0.7920308749754814
0.8281202811885523
0.6793454742544259
0.7059462868951182
0.8406046996685249
0.6703707707615011
0.5872404791096771
0.6955464404969278
0.736708238862073
0.7586500229984651
0.8978589826776466
0.7431000012011978
0.5517517200842093
0.7234334377247992
0.6955483768353053
0.8918256783579767
0.8137161748809912
0.7301727485070876
0.8329778668757745
0.7991203589265423
0.9702329970183965
0.9760162656082714
0.6839335552083056
0.813266900418347
0.6889547744950126
0.7333919787067552
0.5728840494568861
0.7487236822758241
0.8239593768161838
0.7690510646632546
0.8785323366242118
0.7288976753113412
0.7478582756392862
0.5956917913071379
0.8284411284231893
0.7293143073277932
0.6528124773439189
0.5721483328890364
0.6727331656780813
0.8139429247787716
0.8729433207265598
0.7148467782651751
0.7275496812737127
0.7037607532160856
0.7341371275060035
0.9246508491155652
0.7736081364759171
0.728561056159954
0.813732476495606
0.6125756005915937
0.6313107948750387
0.742933954181709
0.5282100573577924
0.521434480873191
0.9269465528236365
0.815452818649064
0.8464168638934201
0.8562461293082745
0.7416038369353539
0.9060230909423757
0.6927713261392825
0.6638582645322942
0.5688355782682928
0.8865191937645125
0.7181408685868709
0.8644863515563606
0.7559592144808965
0.7205525694687676
0.6951640517656706
0.825387996327473
0.8032668514521902
0.8083513586289464
0.5172132576438663
0.921670168664634
0.5260302698297744
0.8771152078846566
0.8230237363489413
0.6950391853623352
