2.5777134895324707
0.4277961254119873
0.3213827610015869
0.3699183464050293
0.3920598030090332
0.3895907402038574
0.3515026569366455
0.36719417572021484
0.36671924591064453
0.4073667526245117
0.4290955066680908
0.3584589958190918
0.35086941719055176
0.39362144470214844
0.3574538230895996
0.449033260345459
0.33115100860595703
0.3610808849334717
0.3527679443359375
0.4116213321685791
0.40031981468200684
0.3619694709777832
0.3538084030151367
0.41791677474975586
0.21477842330932617
0.35354161262512207
0.3533804416656494
0.4146549701690674
0.3550586700439453
0.43280744552612305
0.4312758445739746
0.3775177001953125
0.34108757972717285
0.364393949508667
0.3122859001159668
0.33916711807250977
0.34675049781799316
0.35864758491516113
0.34026026725769043
0.3655357360839844
0.346996545791626
0.36541104316711426
0.3695831298828125
0.4098052978515625
0.36802244186401367
0.400693416595459
0.3466026782989502
0.34821510314941406
0.31514835357666016
0.3440210819244385
0.2789478302001953
0.5257759094238281
0.3720662593841553
0.3604774475097656
0.35834765434265137
0.3394639492034912
0.3598496913909912
0.39632368087768555
0.3431839942932129
0.36568260192871094
0.4122481346130371
0.35877180099487305
0.4113481044769287
0.36188769340515137
0.3584554195404053
0.35859251022338867
0.3598494529724121
0.29598379135131836
0.40919017791748047
0.39027857780456543
0.33826756477355957
0.3595871925354004
0.35465526580810547
0.41736912727355957
0.3525731563568115
0.3074181079864502
0.4722254276275635
0.507026195526123
0.35451388359069824
0.357513427734375
0.32708072662353516
0.3693211078643799
0.3506147861480713
0.3624551296234131
0.3365287780761719
0.3545966148376465
0.3383755683898926
0.3637971878051758
0.37882113456726074
0.3631119728088379
0.35446858406066895
0.4338090419769287
0.3481717109680176
0.34880781173706055
0.3463621139526367
0.33518099784851074
0.34459495544433594
0.3439948558807373
0.3615713119506836
0.3399021625518799
