25.56307075575381
29.89378187706159
30.747430936123887
23.824223400179612
25.57210714169173
25.170624911890744
19.42528785295368
25.211578930306402
29.70157546154479
26.310384974582032
26.069834271012986
26.206724492640014
25.88723336424171
25.888909726836744
31.234822487885765
28.984314265876755
28.010910701941324
25.70515115725151
24.678976704578062
21.460349748456025
21.717790753371332
27.148597257982303
25.029129413348077
24.65862484380835
22.554239920079272
22.800306449384365
29.197401359647806
17.179234594079627
26.12965315199206
23.552014019277507
24.256857025206592
24.522780003280626
31.26389212217285
24.289712403226336
22.305126802048374
22.874207928904006
22.66331221918835
34.76995772137114
28.484523100306912
25.7629609361462
27.0539368345702
27.06069201859208
35.011612830618134
38.07275702854981
21.526163785577754
24.98892283111839
23.005665629177088
25.97634481511326
18.19866146111221
25.292208195106582
25.606671639968496
28.33414904883981
28.902774058007722
24.314258836368086
27.88298292816649
22.4294005822226
33.89501929134465
26.749900831458984
24.030543615460257
20.094748630894856
21.317657595611568
31.6277122912286
30.468867972445175
27.69423129569521
25.93112846314963
23.242476903178716
24.49581755382554
27.79013180619839
23.320151808297233
25.091732473891113
27.205136888193515
22.13047485370208
21.665775641834202
27.66365423747998
21.327704901329213
21.583304951229877
32.699883492655474
27.154369486098908
25.90508702645188
28.980675906770443
24.630915241734918
27.652964309092635
25.10781468910283
23.899617528495185
22.181273903278324
29.919337431904715
23.420606384687147
28.649391270520713
24.305007099174915
24.596413269869405
22.720253880482844
25.674706347451988
28.8175159160301
27.24048328536429
19.8683356424813
30.6898014632198
19.29813336394489
28.966643618490625
24.91103982301627
21.78989650924801
