0.7295662004250025
0.8273976341877034
0.9217550329147247
0.6837682931511742
0.6692595158763593
0.7953354719274022
0.4753064862333783
0.7799529302741743
0.8070206858967781
0.7590044118608905
0.6889847445247049
0.7932790803176576
0.7880603036999718
0.8605561429091235
0.894543857820844
0.7940266278555967
0.835582128611701
0.8331069445848642
0.6862644539619494
0.7103897490185864
0.7371490279174109
0.77566685301082
0.792559895761242
0.828551139370056
0.6795964261885297
0.706343711434619
0.840640149623342
0.670210615430147
0.587346077820252
0.695984515321139
0.7368617992806414
0.7588418283977687
0.8985333734988123
0.7435271639258355
0.5518393861797581
0.7239321029469453
0.6957022859342772
0.8920555830591963
0.813803295564933
0.7302347834427703
0.8330898217395548
0.7996567643395354
0.970427556071408
0.9768474542699881
0.6843402466949284
0.813435232364554
0.6892045780421423
0.7337333347236026
0.573017907944728
0.7489936851878731
0.8240841348011366
0.7689534771194659
0.8786990907983983
0.729218558118197
0.7481225881895961
0.5957565360111639
0.8287691232693281
0.7294966922984429
0.6530908100960229
0.5722639296103582
0.6731058821163594
0.8144249527412508
0.873442244778577
0.7149960181731887
0.7278363984575741
0.7040732733547024
0.7343834967259788
0.9260279719903719
0.7739228985017302
0.7287505583813868
0.8140582681531601
0.6128097151295562
0.6315349724023089
0.7432902019201117
0.5282917399502673
0.5214472573433706
0.9270255351247522
0.8159047518401872
0.846641243359691
0.8565307534891909
0.7419689220169818
0.9063730325388446
0.6930132344941327
0.6640265627968716
0.5689203272429281
0.8867563187513632
0.7185813595898213
0.8647879037990827
0.7562316858307936
0.7208378987422428
0.6954786903953033
0.8259354747607125
0.8033896804221996
0.8088781856853642
0.5172964981637022
0.9224630354472514
0.5260784671583535
0.8775306061795807
0.8231772413264087
0.6951629414619963
