4.176273584365845
0.938021183013916
0.6812093257904053
0.8010852336883545
0.9118711948394775
0.8749594688415527
0.8011040687561035
0.7910091876983643
0.7902464866638184
0.8984248638153076
0.9168140888214111
0.8035054206848145
0.7882511615753174
0.8019993305206299
0.8069603443145752
0.9285645484924316
0.7559287548065186
0.7990565299987793
0.8021352291107178
0.9011971950531006
0.896587610244751
0.801354169845581
0.786691427230835
0.8973910808563232
0.49462461471557617
0.7964401245117188
0.7926971912384033
0.9894554615020752
0.8457620143890381
0.9859645366668701
0.903853178024292
0.8023896217346191
0.787928581237793
0.7929332256317139
0.712022066116333
0.8207814693450928
0.786229133605957
0.808739185333252
0.8147668838500977
0.8290269374847412
0.7983300685882568
0.8299641609191895
0.8343639373779297
0.9228579998016357
0.8011946678161621
0.9043443202972412
0.8030917644500732
0.7872812747955322
0.6849229335784912
0.8057503700256348
0.632948637008667
1.2250440120697021
0.8034017086029053
0.8837261199951172
0.8239068984985352
0.8421173095703125
0.791184663772583
0.915921688079834
0.8378853797912598
0.7951748371124268
0.9093902111053467
0.8083701133728027
0.935349702835083
0.8298449516296387
0.8203845024108887
0.8014514446258545
0.8385522365570068
0.684342622756958
0.9718422889709473
0.79840087890625
0.7944293022155762
0.7948133945465088
0.7915141582489014
0.9074890613555908
0.8069915771484375
0.7237246036529541
1.05098295211792
1.132187843322754
0.8071677684783936
0.8422801494598389
0.7460513114929199
0.79789137840271
0.8446991443634033
0.8021512031555176
0.7942478656768799
0.7915544509887695
0.8009936809539795
0.7803068161010742
0.7926373481750488
0.7900445461273193
0.8074896335601807
0.9988901615142822
0.7613186836242676
0.8045802116394043
0.8239879608154297
0.7707154750823975
0.8136856555938721
0.8414342403411865
0.8126084804534912
0.7746458053588867
