25.563072776651033
29.893782848949726
30.747429068937848
23.824222579156483
25.5721065515292
25.170625537246536
19.425286964283508
25.211578757956737
29.70157591236321
26.310386225513398
26.069834588467057
26.206727500598703
25.887233591953418
25.888908843784534
31.234821268671944
28.984313835916787
28.010912326594877
25.705150786588472
24.67897607701843
21.460350164131306
21.717791556603746
27.14859797611455
25.029130687794012
24.6586237480668
22.5542396472746
22.800306397597048
29.19740201079636
17.17923461520247
26.129655053423768
23.55201422381247
24.256858051473994
24.52278065484467
31.263891485561285
24.289712691726027
22.30512782945577
22.87420792787114
22.663313538772506
34.7699539740576
28.484525135634932
25.762961955507784
27.05393676105807
27.06069128232648
35.011617998105315
38.072754356289494
21.52616338156845
24.98892361431016
23.005666497443904
25.976345104166366
18.19866156117992
25.29220860751385
25.60667277159378
28.33414876803522
28.90277189662177
24.314258501106792
27.88298353190383
22.429400196755772
33.89501749141266
26.74990088572123
24.03054312685468
20.094748199007384
21.31765808533029
31.627711755610626
30.468866811417318
27.69423082360081
25.93112906241247
23.242476057569263
24.49581568771183
27.790129937348503
23.320152638051127
25.091732554610108
27.205135946251445
22.13047437951836
21.665775090871726
27.66365656024382
21.327704448465653
21.583304813038254
32.699882328442925
27.154370121246814
25.905087617395644
28.980674369757633
24.63091528324537
27.65296304332796
25.1078134931708
23.899617975922833
22.18127555202688
29.919339363452874
23.42060612595563
28.649390120603645
24.305008288148613
24.596412597460287
22.72025495179009
25.67470642986342
28.81751378746676
27.24048582093511
19.868335250404115
30.68979942558366
19.298133355291426
28.966641648706172
24.911040554214075
21.789897043542048
