0.7295663689703178
0.8273975616689657
0.9217549458497326
0.6837681916564973
0.669259514229523
0.7953354463367954
0.4753064053660133
0.7799529020109068
0.807020633744624
0.7590045518520835
0.6889846462314824
0.7932791579052424
0.7880602977142559
0.860556133274174
0.8945437887157963
0.7940267143990283
0.8355820977303805
0.8331068872601405
0.686264398459175
0.7103897350945254
0.7371491326852178
0.7756668260934326
0.7925599514516449
0.8285510340227082
0.6795963869611072
0.7063437143876067
0.8406400392080019
0.6702105958836229
0.5873462961571384
0.6959845571260603
0.7368618134455923
0.7588418598540578
0.8985333616675268
0.7435271973587003
0.5518394468071806
0.7239320455656717
0.6957023969726746
0.8920554887145118
0.8138033368431872
0.7302348123007381
0.8330897771750543
0.7996567077385015
0.970427570405058
0.9768474296051616
0.6843403563398942
0.8134352514512995
0.6892046085973756
0.7337334060724534
0.5730179226821432
0.7489937722754134
0.824084081488449
0.7689533460101933
0.8786990084213591
0.7292185057453285
0.7481224702456621
0.5957565454245717
0.8287690442793939
0.7294966989991721
0.6530907225669547
0.5722638645730281
0.6731059169113844
0.8144249061396569
0.8734421265125472
0.7149960440471335
0.7278363813899147
0.7040732756540178
0.7343832923719112
0.9260278876442878
0.7739228969675195
0.728750544698506
0.8140582789324597
0.6128098144003606
0.6315349344063879
0.7432903510380279
0.5282917101815016
0.5214471056655138
0.9270255737398649
0.8159047272894571
0.8466411373320202
0.8565307286512444
0.7419688515033664
0.9063730080135797
0.6930131600868696
0.6640265202778157
0.5689203774253033
0.8867563508884797
0.7185812165952201
0.8647877860543793
0.7562316645177245
0.7208378758964124
0.6954788689143293
0.8259354699950402
0.8033896999021664
0.8088782872969363
0.517296416461593
0.9224629916860931
0.5260785453777821
0.877530650466507
0.8231772108268747
0.6951629514358857
