0.801715612411499
0.9057493209838867
0.6704058647155762
0.80025315284729
0.9063389301300049
0.8963742256164551
0.8025414943695068
0.7991020679473877
0.8026201725006104
0.9053812026977539
0.9054982662200928
0.8043158054351807
0.8036761283874512
0.8108773231506348
0.8185534477233887
0.9554924964904785
0.7618594169616699
0.8109045028686523
0.8086326122283936
0.9132070541381836
0.9046413898468018
0.814122200012207
0.8047387599945068
0.9265937805175781
0.7074868679046631
0.8145947456359863
0.8096239566802979
0.9578063488006592
0.8045661449432373
1.3174076080322266
0.9048852920532227
0.8044440746307373
0.8046677112579346
0.802793025970459
0.6943671703338623
0.8084325790405273
0.8137896060943604
0.8013248443603516
0.7993042469024658
0.8273718357086182
0.8016014099121094
0.811436653137207
0.8196253776550293
0.9185152053833008
0.7920432090759277
0.8905978202819824
0.7982685565948486
0.7868022918701172
0.6697790622711182
0.7918474674224854
0.6223020553588867
1.6412997245788574
0.7938313484191895
0.8365800380706787
0.7978060245513916
0.7991700172424316
0.7968063354492188
0.8924334049224854
0.7946264743804932
0.7926039695739746
1.2191460132598877
0.7972269058227539
0.9001212120056152
0.8186948299407959
0.8400611877441406
0.809119462966919
0.8373479843139648
0.6789824962615967
0.9453473091125488
0.8004307746887207
0.8012354373931885
0.8157956600189209
0.8213539123535156
0.9335269927978516
0.8208858966827393
0.6702113151550293
1.034987211227417
1.508948564529419
0.795835018157959
0.8205552101135254
0.7370030879974365
0.8001272678375244
0.8178632259368896
0.7951018810272217
0.7948074340820312
0.7940244674682617
0.7941937446594238
0.7936782836914062
0.7947442531585693
0.794625997543335
0.7951416969299316
1.341259241104126
0.7579281330108643
0.7982466220855713
0.8229782581329346
0.7628433704376221
0.7943215370178223
0.8186886310577393
0.8154892921447754
0.8102362155914307
